0.1	-1.5716058149361516
0.2	-1.5754203950159422
0.30000000000000004	-1.581478579752713
0.4	-1.58862632832124
0.5	-1.5973362269850242
0.6	-1.6093967686753523
0.7000000000000001	-1.6233855139691362
0.8	-1.6381804485699067
0.9	-1.6555937384155346
1.	-1.6729363766339787
1.1	-1.6923883953195034
1.2000000000000002	-1.7133400277617654
1.3000000000000003	-1.7367489216172476
1.4000000000000001	-1.759764421407621
1.5000000000000002	-1.7835133416574327
1.6	-1.8087869163962218
1.7000000000000002	-1.835400081041916
1.8000000000000003	-1.8625302938684818
1.9000000000000001	-1.8897529515941007
2.	-1.9178801540979815
2.1	-1.9456319642174171
2.2	-1.9758835442979847
2.3000000000000003	-2.0047199362284407
2.4000000000000004	-2.0369584131206215
2.5000000000000004	-2.0665588606978456
2.6	-2.0987977445046506
2.7	-2.129868825012688
2.8000000000000003	-2.161915192876455
2.9000000000000004	-2.1940003063585465
3.0000000000000004	-2.226848743086724
3.1	-2.2588736436807544
3.2	-2.292623602496397
3.3000000000000003	-2.3257754358174862
3.4000000000000004	-2.3596714899328886
3.5000000000000004	-2.393717411772089
3.6	-2.426906669964259
3.7	-2.461652625272598
3.8000000000000003	-2.4952239352204293
3.9000000000000004	-2.5290641029152203
4.	-2.562747887423978
4.1	-2.598178588417786
4.2	-2.6349155336814043
4.3	-2.6705455413358963
4.3999999999999995	-2.705026309476359
4.5	-2.738170197844048
4.6	-2.7741964930375738
4.7	-2.8102866704747007
4.8	-2.8469481517031756
4.9	-2.8828131649136295
5.	-2.9177358708638614
5.1	-2.9527174673164427
5.2	-2.9884763518781714
5.3	-3.025010905438553
5.4	-3.061705964027588
5.5	-3.0983068931493816
5.6	-3.1336993742329367
5.7	-3.1695210132702574
5.8	-3.205520145209884
5.9	-3.242669158196054
6.	-3.280015464634438
6.1	-3.3167306683230433
6.2	-3.3526175279689885
6.3	-3.3882310861481786
6.4	-3.425165118084512
6.5	-3.462740994262423
6.6	-3.5002166730048563
6.7	-3.5369200885913097
6.8	-3.5729982543636205
6.9	-3.6093507045652693
7.	-3.6466073880023298
7.1	-3.6845139859390206
7.2	-3.721733385687144
7.3	-3.7583963158814275
7.4	-3.794807617312939
7.5	-3.8317449597647553
7.6	-3.8694038115133997
7.7	-3.9074374208596
7.8	-3.944355983998747
7.9	-3.9811197807990997
8.	-4.0179995414685195
8.1	-4.055483351691498
8.2	-4.093357146964237
8.3	-4.130983704010115
8.4	-4.168083018066863
8.5	-4.205103849786726
8.6	-4.242527445452303
8.7	-4.280426021269597
8.8	-4.318293584657223
8.9	-4.355646173634867
9.	-4.3927126466389
9.1	-4.430126118816304
9.2	-4.46805102845048
9.3	-4.5061220671787385
9.4	-4.543721581046829
9.5	-4.580737078976765
9.6	-4.617968787285388
9.700000000000001	-4.655928892773609
9.8	-4.693319593966994
9.9	-4.730937612137933
10.	-4.769645374021302
10.1	-4.807357666058122
10.200000000000001	-4.8453600381372794
10.3	-4.882847968230792
10.4	-4.9201546088036014
10.5	-4.957763981070418
10.6	-4.995775920202925
10.700000000000001	-5.033918334426105
10.8	-5.072030960853619
10.9	-5.1098919155212
11.	-5.146997376830161
11.1	-5.185078433812903
11.200000000000001	-5.223645581757137
11.3	-5.261200245016938
11.4	-5.299386728109107
11.5	-5.337271313719718
11.6	-5.374757971703308
11.700000000000001	-5.412603344706756
11.8	-5.450639096599325
11.9	-5.488932141328931
12.	-5.527147609638746
12.1	-5.56504246487754
12.200000000000001	-5.602719892089947
12.3	-5.64052136016771
12.4	-5.678668219265163
12.5	-5.717029677112648
12.6	-5.755260168503188
12.700000000000001	-5.792960546760956
12.8	-5.83088636694456
12.9	-5.868785591782529
13.	-5.907032919109257
13.1	-5.945447138451178
13.200000000000001	-5.983681109025983
13.3	-6.021584490331377
13.4	-6.059361293141467
13.5	-6.0973563364061505
13.6	-6.135693379972529
13.700000000000001	-6.174145830654533
13.8	-6.2123740285839615
13.9	-6.250280216281421
14.	-6.288111204376714
14.1	-6.326184179584542
14.200000000000001	-6.364615579894226
14.3	-6.403092800908278
14.4	-6.4413081047030705
14.5	-6.479218680810399
14.6	-6.5169343208478
14.700000000000001	-6.555286503124262
14.8	-6.593770021959586
14.9	-6.632259835170912
15.	-6.670457162183555
15.1	-6.7083751478270175
15.200000000000001	-6.746325370199991
15.3	-6.784591335253587
15.4	-6.8231312930423345
15.5	-6.861622689601001
15.6	-6.899798900132469
15.700000000000001	-6.937728557659076
15.8	-6.975743724634485
15.9	-7.014091998496557
16.	-7.052677219611126
16.1	-7.091160468387458
16.200000000000003	-7.129314309204766
16.3	-7.1672607655935545
16.400000000000002	-7.205343805694259
16.500000000000004	-7.243769037360429
16.6	-7.282388277502623
16.700000000000003	-7.320855261932197
16.8	-7.358987069427534
16.900000000000002	-7.396956067219647
17.000000000000004	-7.435109414090675
17.1	-7.473605298137557
17.200000000000003	-7.51224758526854
17.3	-7.5506912909149975
17.400000000000002	-7.588802863144478
17.500000000000004	-7.626800545882341
17.6	-7.665025607401953
17.700000000000003	-7.7035850098069005
17.8	-7.742239776131639
17.900000000000002	-7.7806550257540135
18.000000000000004	-7.818749848572035
18.1	-7.856782350363974
18.200000000000003	-7.895079653653854
18.3	-7.933694751758299
18.400000000000002	-7.972351947994062
18.500000000000004	-8.01073497683799
18.6	-8.04881739685425
18.700000000000003	-8.086890894238957
18.8	-8.12525970389437
18.900000000000002	-8.163922043530754
19.000000000000004	-8.202572373849113
19.1	-8.240920906668908
19.200000000000003	-8.278996328080936
19.300000000000004	-8.317116439289634
19.400000000000002	-8.35555510211407
19.500000000000004	-8.394255715606949
19.6	-8.432890773328761
19.700000000000003	-8.471204041503606
19.800000000000004	-8.509278673842072
19.900000000000002	-8.54745053931636
20.000000000000004	-8.585956222049203
20.1	-8.62468574168478
20.200000000000003	-8.663297909871934
20.300000000000004	-8.701576705468277
20.400000000000002	-8.739657351403865
20.500000000000004	-8.77788532667436
20.6	-8.816454057718584
20.700000000000003	-8.85520309779768
20.800000000000004	-8.893786072132698
20.900000000000002	-8.932032500713461
21.000000000000004	-8.970126313682629
21.1	-9.008413716990622
21.200000000000003	-9.047040436221915
21.300000000000004	-9.085799584752724
21.400000000000002	-9.124348257707503
21.500000000000004	-9.162565626047698
21.6	-9.200679826707477
21.700000000000003	-9.239029127139732
21.800000000000004	-9.277707786900196
21.900000000000002	-9.31646778482683
22.000000000000004	-9.354978409936464
22.1	-9.393171354190525
22.200000000000003	-9.431312951912552
22.300000000000004	-9.469725319130927
22.400000000000002	-9.508449154701873
22.500000000000004	-9.547201356683304
22.6	-9.585671308999292
22.700000000000003	-9.623845171644728
22.800000000000004	-9.662021108233938
22.900000000000002	-9.700496768735174
23.000000000000004	-9.73925798872203
23.1	-9.777994036785376
23.200000000000003	-9.816422383555569
23.300000000000004	-9.854583649163107
23.400000000000002	-9.892800077892543
23.500000000000004	-9.931337718561656
23.6	-9.970128277266735
23.700000000000003	-10.008840894574343
23.800000000000004	-10.047227817638062
23.900000000000002	-10.085383441506863
24.000000000000004	-10.123645977981328
24.1	-10.162243308957656
24.200000000000003	-10.201054604722648
24.300000000000004	-10.239737195373351
24.400000000000002	-10.278084307859334
24.500000000000004	-10.316241598314217
24.6	-10.354554986949454
24.700000000000003	-10.393208412392429
24.800000000000004	-10.432031672510687
24.900000000000002	-10.470678786127806
25.000000000000004	-10.508989032310271
25.1	-10.547155596494955
25.200000000000003	-10.585523559998064
25.300000000000004	-10.62422850620316
25.400000000000002	-10.66305503561145
25.500000000000004	-10.701662267647816
25.6	-10.739939596588588
25.700000000000003	-10.778123122471964
25.800000000000004	-10.816548318129952
25.900000000000002	-10.855299098646565
26.000000000000004	-10.894120253076798
26.1	-10.932684497297815
26.200000000000003	-10.970934144947773
26.300000000000004	-11.009141947004819
26.400000000000002	-11.047625867626284
26.500000000000004	-11.08641590834384
26.6	-11.125223488515157
26.700000000000003	-11.163742994832576
26.800000000000004	-11.201970794407423
26.900000000000002	-11.24021009564251
27.000000000000004	-11.278752893748553
27.1	-11.317574909450911
27.200000000000003	-11.356361344028008
27.300000000000004	-11.394835548287773
27.400000000000002	-11.433048487937882
27.500000000000004	-11.471325508786729
27.6	-11.509926161850702
27.700000000000003	-11.54877235733114
27.800000000000004	-11.587530635966626
27.900000000000002	-11.625960500865304
28.000000000000004	-11.66416570594397
28.1	-11.702486306099068
28.200000000000003	-11.741142573509137
28.300000000000004	-11.780004664262323
28.400000000000002	-11.818728854248382
28.500000000000004	-11.857116387295529
28.6	-11.895321483708088
28.700000000000003	-11.933690463464178
28.800000000000004	-11.972398943349724
28.900000000000002	-12.011268654960663
29.000000000000004	-12.049953733743425
29.1	-12.088302293401789
29.200000000000003	-12.126515157873445
29.300000000000004	-12.164936255120594
29.400000000000002	-12.203692322857774
29.500000000000004	-12.242560808469891
29.6	-12.281203002361913
29.700000000000003	-12.319516993722258
29.800000000000004	-12.357745408747224
29.900000000000002	-12.396221276202871
30.000000000000004	-12.435019447578952
30.1	-12.47387872671285
30.200000000000003	-12.512475221821532
30.300000000000004	-12.55076008004398
30.400000000000002	-12.589011587602096
30.500000000000004	-12.62754367994257
30.6	-12.666377499748899
30.700000000000003	-12.705219714559904
30.800000000000004	-12.743769004161832
30.900000000000002	-12.782031070628667
31.000000000000004	-12.820312759609122
31.1	-12.858901292268943
31.200000000000003	-12.89776359898515
31.300000000000004	-12.936581378634424
31.400000000000002	-12.97508362003606
31.500000000000004	-13.013329639317151
31.6	-13.051648047208662
31.700000000000003	-13.09029199682016
31.800000000000004	-13.129175088414271
31.900000000000002	-13.16796183629302
32.	-13.20641810425717
32.1	-13.244655790248977
32.2	-13.283016416057615
32.300000000000004	-13.321713534813727
32.400000000000006	-13.360609336447105
32.5	-13.399359172596437
32.6	-13.437771929703837
32.7	-13.476009032526806
32.800000000000004	-13.51441684311576
32.900000000000006	-13.553163564528854
33.	-13.592063743224811
33.1	-13.630772374643385
33.2	-13.669145153950732
33.300000000000004	-13.707389396322604
33.400000000000006	-13.745848143712019
33.5	-13.784640003911443
33.6	-13.823536308472686
33.7	-13.86220000992942
33.800000000000004	-13.900537440718418
33.900000000000006	-13.93879695940146
34.	-13.977739019638868
34.1	-14.016136180708124
34.2	-14.054504084666132
34.300000000000004	-14.09383861336743
34.400000000000006	-14.132981588687912
34.5	-14.17127166067311
34.6	-14.209056477830666
34.7	-14.247637252450236
34.800000000000004	-14.286149992682784
34.900000000000006	-14.325467608511905
35.	-14.364458907279378
35.1	-14.402675021441734
35.2	-14.440390026834143
35.300000000000004	-14.478231924306835
35.400000000000006	-14.517429886551373
35.5	-14.557104702781196
35.6	-14.595928103924532
35.7	-14.633591792258722
35.800000000000004	-14.671123193110207
35.900000000000006	-14.709616289252617
36.	-14.749105204263467
36.1	-14.788743706430715
36.2	-14.827387531351523
36.300000000000004	-14.864939721637466
36.400000000000006	-14.902551713222586
36.5	-14.94121050021752
36.6	-14.98080619064994
36.7	-15.020379511771711
36.800000000000004	-15.058836822903345
36.900000000000006	-15.096301560748337
37.	-15.134016961764786
37.1	-15.172842562169864
37.2	-15.212529167511443
37.300000000000004	-15.252007878215066
37.400000000000006	-15.290277119626849
37.5	-15.327680926088615
37.6	-15.365520444997884
37.7	-15.404512221134313
37.800000000000004	-15.444269484733955
37.900000000000006	-15.483625225196482
38.	-15.5217102536175
38.1	-15.559081679117309
38.2	-15.597063177653517
38.300000000000004	-15.636218629825336
38.400000000000006	-15.676021762586789
38.50000000000001	-15.715229348151656
38.6	-15.753138351037343
38.7	-15.790507280981814
38.800000000000004	-15.828645123657385
38.900000000000006	-15.867960192271422
39.00000000000001	-15.907780535781141
39.1	-15.946818509087013
39.2	-15.984564710713897
39.300000000000004	-16.021961397461187
39.400000000000006	-16.060267606849848
39.50000000000001	-16.09973435089855
39.6	-16.139539809401754
39.7	-16.178391121301047
39.800000000000004	-16.21599167343378
39.900000000000006	-16.253445533476516
40.00000000000001	-16.29193086811269
40.1	-16.33153690559747
40.2	-16.371293364113434
40.300000000000004	-16.40994451234687
40.400000000000006	-16.447422201863002
40.50000000000001	-16.48496287153595
40.6	-16.523634906433713
40.7	-16.56336298168104
40.800000000000004	-16.603035703401915
40.900000000000006	-16.641479353999102
41.00000000000001	-16.67886097010823
41.1	-16.716516174485243
41.2	-16.755379807847152
41.300000000000004	-16.795207099377294
41.400000000000006	-16.834762022057753
41.50000000000001	-16.872996432387144
41.6	-16.910313710341466
41.7	-16.948108464513318
41.800000000000004	-16.987164765627455
41.900000000000006	-17.027062813476707
42.00000000000001	-17.066469232911082
42.1	-17.104498748117226
42.2	-17.14178480849792
42.300000000000004	-17.17974080633204
42.400000000000006	-17.218987489934776
42.50000000000001	-17.258922635053167
42.6	-17.298153366426977
42.7	-17.335989070746564
42.800000000000004	-17.373279622207715
42.900000000000006	-17.41141527942689
43.00000000000001	-17.450844026012955
43.1	-17.49077946865825
43.2	-17.529813017709504
43.300000000000004	-17.56747207354695
43.400000000000006	-17.604802845066526
43.50000000000001	-17.643132954155128
43.6	-17.682729865654192
43.7	-17.722627309027626
43.800000000000004	-17.76144689193848
43.900000000000006	-17.798953527382004
44.00000000000001	-17.836358708959693
44.1	-17.874894547679833
44.2	-17.914638772683148
44.300000000000004	-17.95446001641939
44.400000000000006	-17.993055933827456
44.50000000000001	-18.030439042815065
44.6	-18.06795110443014
44.7	-18.106699017711204
44.800000000000004	-18.146564945125387
44.900000000000006	-18.186273440476445
45.00000000000001	-18.224641701102584
45.1	-18.261934449322563
45.2	-18.29958235069459
45.300000000000004	-18.338545558263995
45.400000000000006	-18.378500397455255
45.50000000000001	-18.418063388021874
45.6	-18.456206772462185
45.7	-18.49344549006457
45.800000000000004	-18.53125452096019
45.900000000000006	-18.57042915669743
46.00000000000001	-18.61043796363885
46.1	-18.649825962014265
46.2	-18.68775531894628
46.300000000000004	-18.72497754102703
46.400000000000006	-18.762969308958635
46.50000000000001	-18.80234601394692
46.6	-18.842370582164676
46.7	-18.88156017515741
46.800000000000004	-18.919292023290662
46.900000000000006	-18.956535421250063
47.00000000000001	-18.99472746662349
47.1	-19.034291095265086
47.2	-19.074292064707333
47.300000000000004	-19.113264743359366
47.400000000000006	-19.15082207097168
47.50000000000001	-19.188122762031085
47.6	-19.226528321425462
47.7	-19.266257718562223
47.800000000000004	-19.30619707187441
47.900000000000006	-19.344940757996017
48.00000000000001	-19.38235131335983
48.1	-19.419743164468546
48.2	-19.458369855409334
48.300000000000004	-19.49823974088505
48.400000000000006	-19.538081386850198
48.50000000000001	-19.576589917930967
48.6	-19.61388528738921
48.7	-19.651398616619495
48.800000000000004	-19.690251069660036
48.900000000000006	-19.73023148648566
49.00000000000001	-19.769941565539998
49.1	-19.8082143722445
49.2	-19.84542946410729
49.300000000000004	-19.883092594233748
49.400000000000006	-19.92216969112965
49.50000000000001	-19.96222676336762
49.6	-20.00177378770914
49.7	-20.03981830147371
49.800000000000004	-20.076989293722374
49.900000000000006	-20.114827323469854
50.	-20.154121920208144