0.1	-2.7280025097596448
0.2	-2.7676973415512274
0.30000000000000004	-2.7916824826520856
0.4	-2.8124331601141903
0.5	-2.8336577101091076
0.6	-2.856423467170571
0.7000000000000001	-2.87950786504123
0.8	-2.9054305204730304
0.9	-2.932784352272776
1.	-2.962410071984849
1.1	-2.9935171109636602
1.2000000000000002	-3.0241691768676864
1.3000000000000003	-3.0564263830864933
1.4000000000000001	-3.0901177066371
1.5000000000000002	-3.1247340823074206
1.6	-3.159953075576853
1.7000000000000002	-3.195790790369865
1.8000000000000003	-3.2309774889934975
1.9000000000000001	-3.267247119048993
2.	-3.303831743595874
2.1	-3.340767452549573
2.2	-3.377965436502951
2.3000000000000003	-3.4151328566271446
2.4000000000000004	-3.453135821150681
2.5000000000000004	-3.4902639139867317
2.6	-3.5283781630606716
2.7	-3.5668150558578406
2.8000000000000003	-3.6037513844728526
2.9000000000000004	-3.6417236030448557
3.0000000000000004	-3.6794198950147607
3.1	-3.7174397304892866
3.2	-3.75578833191044
3.3000000000000003	-3.7939708616150933
3.4000000000000004	-3.831720390943526
3.5000000000000004	-3.869078871171047
3.6	-3.905974389204899
3.7	-3.9452404750609325
3.8000000000000003	-3.9825093577792265
3.9000000000000004	-4.021123822109791
4.	-4.057492945120101
4.1	-4.095971955815939
4.2	-4.1340677941914015
4.3	-4.172314142215777
4.3999999999999995	-4.210051792435857
4.5	-4.247474937615056
4.6	-4.286274607716305
4.7	-4.323241411451296
4.8	-4.359948316432935
4.9	-4.39739794733951
5.	-4.434865375153134
5.1	-4.47446862544489
5.2	-4.512196164282584
5.3	-4.548999797008098
5.4	-4.585853641509482
5.5	-4.623412059382283
5.6	-4.661653899048832
5.7	-4.700124504277625
5.8	-4.737955835511039
5.9	-4.774931923571872
6.	-4.811546813796472
6.1	-4.849283429823968
6.2	-4.887718504033707
6.3	-4.926514106092846
6.4	-4.963671588107073
6.5	-5.0005890356682015
6.6	-5.037659168617761
6.7	-5.075550872414146
6.8	-5.114007943585265
6.9	-5.152383769670999
7.	-5.189559634592385
7.1	-5.226520431021773
7.2	-5.263837999786334
7.3	-5.301997733165767
7.4	-5.340358392161089
7.5	-5.378179313105491
7.6	-5.415447406788316
7.7	-5.452591734333738
7.8	-5.490297997080361
7.9	-5.528613586273447
8.	-5.566648408707189
8.1	-5.604346716474054
8.2	-5.641647292545875
8.3	-5.67916355736978
8.4	-5.717257288825307
8.5	-5.755552171369912
8.6	-5.793462501246429
8.7	-5.830927702030926
8.8	-5.869088752506419
8.9	-5.906382266965205
9.	-5.944697009767916
9.1	-5.982796553925542
9.2	-6.020315878782018
9.3	-6.057717404882863
9.4	-6.095595766022351
9.5	-6.133966146983159
9.6	-6.1722925368002475
9.700000000000001	-6.209991914337045
9.8	-6.2471605775142836
9.9	-6.284774795023559
10.	-6.323183262703873
10.1	-6.361903411131492
10.200000000000001	-6.398668026817633
10.3	-6.436998377539964
10.4	-6.475436186077216
10.5	-6.5136138086254345
10.6	-6.551356261615231
10.700000000000001	-6.5889714629406635
10.8	-6.626806607685222
10.9	-6.665609238013845
11.	-6.703253824773446
11.1	-6.741153109842464
11.200000000000001	-6.779554159453285
11.3	-6.817291511228238
11.4	-6.855078494607524
11.5	-6.893185825666084
11.6	-6.931556043787968
11.700000000000001	-6.969863993068005
11.8	-7.007857000503927
11.9	-7.045619233859265
12.	-7.083484052897092
12.1	-7.121684262874226
12.200000000000001	-7.160108319561512
12.3	-7.198417445163649
12.4	-7.236399650793
12.5	-7.274192066242431
12.6	-7.3121373459094325
12.700000000000001	-7.350424427692609
12.8	-7.388890744588144
12.9	-7.427192618894945
13.	-7.465164554391408
13.1	-7.502992710266995
13.200000000000001	-7.5410201249485125
13.3	-7.579386953625193
13.4	-7.617883973766571
13.5	-7.656171695656342
13.6	-7.694135222956561
13.700000000000001	-7.732004803370739
13.8	-7.770114934538741
13.9	-7.808553423615346
14.	-7.847069956392815
14.1	-7.8853380711288645
14.200000000000001	-7.923296244831924
14.3	-7.961212905948444
14.4	-7.999405177614356
14.5	-8.03790646193629
14.6	-8.07643194858562
14.700000000000001	-8.11467644890423
14.8	-8.152633497865097
14.9	-8.19060255830802
15.	-8.22887527600573
15.1	-8.267429889654512
15.200000000000001	-8.305954485223062
15.3	-8.344173018134612
15.4	-8.382134046703252
15.5	-8.420160349619579
15.6	-8.458510701413935
15.700000000000001	-8.497108819258791
15.8	-8.535623617175519
15.9	-8.573815305924786
16.	-8.611786146549012
16.1	-8.649873926998861
16.200000000000003	-8.688297982645903
16.3	-8.726929389558462
16.400000000000002	-8.765426667377351
16.500000000000004	-8.803592158090519
16.6	-8.841579166445209
16.700000000000003	-8.879731936287083
16.8	-8.918224513088981
16.900000000000002	-8.9568791434429
17.000000000000004	-8.995352300704692
17.1	-9.033493605387251
17.200000000000003	-9.071503479261532
17.3	-9.109723573937874
17.400000000000002	-9.148278697567811
17.500000000000004	-9.186946522875667
17.6	-9.225390372144306
17.700000000000003	-9.2635107804852
17.8	-9.301550176876361
17.900000000000002	-9.339839066074436
18.000000000000004	-9.378449742746932
18.1	-9.417121143487647
18.200000000000003	-9.455531856037684
18.3	-9.49363585210035
18.400000000000002	-9.53171131053871
18.500000000000004	-9.570069277968322
18.6	-9.608727787692876
18.700000000000003	-9.647393608865833
18.8	-9.685768697256883
18.900000000000002	-9.723861687087343
19.000000000000004	-9.76197941394943
19.1	-9.800405468213274
19.200000000000003	-9.839103520136561
19.300000000000004	-9.877755405162612
19.400000000000002	-9.916093846385726
19.500000000000004	-9.954182051955696
19.6	-9.992347607940191
19.700000000000003	-10.030839739672201
19.800000000000004	-10.069568444657932
19.900000000000002	-10.10819879384301
20.000000000000004	-10.146501243559822
20.1	-10.184591411828176
20.200000000000003	-10.22280974331202
20.300000000000004	-10.261364714095789
20.400000000000002	-10.300114911523787
20.500000000000004	-10.338717325994539
20.6	-10.376985461224201
20.700000000000003	-10.415084778219404
20.800000000000004	-10.45335979060001
20.900000000000002	-10.491973166036157
21.000000000000004	-10.530735832072127
21.1	-10.569304882828847
21.200000000000003	-10.607541780111099
21.300000000000004	-10.645657564265623
21.400000000000002	-10.68399226817
21.500000000000004	-10.722658594421638
21.6	-10.761424443013562
21.700000000000003	-10.799955929660436
21.800000000000004	-10.83816583662908
21.900000000000002	-10.87630540257474
22.000000000000004	-10.914701589104533
22.1	-10.953414485175706
22.200000000000003	-10.992175012615728
22.300000000000004	-11.030666194297853
22.400000000000002	-11.068854268506005
22.500000000000004	-11.107024589840826
22.6	-11.145482993087661
22.700000000000003	-11.184235321598123
22.800000000000004	-11.222982117599225
22.900000000000002	-11.261431475693804
23.000000000000004	-11.299603861120932
23.1	-11.337811599117119
23.200000000000003	-11.376331488370251
23.300000000000004	-11.415115400710906
23.400000000000002	-11.453840971008281
23.500000000000004	-11.492248327276911
23.6	-11.530411847905786
23.700000000000003	-11.568662821435835
23.800000000000004	-11.607242437947484
23.900000000000002	-11.646049708772095
24.000000000000004	-11.684747207818091
24.1	-11.723113758387573
24.200000000000003	-11.761275672275467
24.300000000000004	-11.799575044233471
24.400000000000002	-11.838211494234791
24.500000000000004	-11.877033454755386
24.6	-11.915697087956751
24.700000000000003	-11.954025282992733
24.800000000000004	-11.992193191981297
24.900000000000002	-12.030545141229057
25.000000000000004	-12.069234095495338
25.1	-12.10806216849923
25.200000000000003	-12.146687302139759
25.300000000000004	-12.18498085223344
25.400000000000002	-12.223162313226858
25.500000000000004	-12.261569931584127
25.6	-12.300306378641592
25.700000000000003	-12.33913187830822
25.800000000000004	-12.377714980150152
25.900000000000002	-12.415978567207905
26.000000000000004	-12.454181180987444
26.1	-12.492646422718042
26.200000000000003	-12.531424148830284
26.300000000000004	-12.570238869060718
26.400000000000002	-12.608777633494617
26.500000000000004	-12.647016992736509
26.6	-12.685247973398214
26.700000000000003	-12.723771564518218
26.800000000000004	-12.762583600055237
26.900000000000002	-12.801379721357725
27.000000000000004	-12.839873314033323
27.1	-12.87809484793787
27.200000000000003	-12.916360956961798
27.300000000000004	-12.954942335064734
27.400000000000002	-12.993781175750781
27.500000000000004	-13.032551580966219
27.6	-13.071000310102061
27.700000000000003	-13.109211194089616
27.800000000000004	-13.147518309048685
27.900000000000002	-13.186155817556442
28.000000000000004	-13.225013335640602
28.1	-13.263751741910328
28.200000000000003	-13.302157178956568
28.300000000000004	-13.340365013027009
28.400000000000002	-13.378718339951188
28.500000000000004	-13.417408999211505
28.6	-13.456276879963866
28.700000000000003	-13.494977970308964
28.800000000000004	-13.533343014045052
28.900000000000002	-13.571555472678435
29.000000000000004	-13.609959206696818
29.1	-13.64869889598654
29.200000000000003	-13.687568828035243
29.300000000000004	-13.72622822913793
29.400000000000002	-13.764557043122126
29.500000000000004	-13.802781861932322
29.6	-13.841239069393177
29.700000000000003	-13.88002270137978
29.800000000000004	-13.918886331945773
29.900000000000002	-13.957500999226108
30.000000000000004	-13.995798583014356
30.1	-14.034043509561677
30.200000000000003	-14.07255619395449
30.300000000000004	-14.111377601757914
30.400000000000002	-14.15022693251483
30.500000000000004	-14.188795049622371
30.6	-14.227067218525525
30.700000000000003	-14.265339519957289
30.800000000000004	-14.303908306839112
30.900000000000002	-14.342760694717946
31.000000000000004	-14.38158826528356
31.1	-14.420109205287847
31.200000000000003	-14.458362894507598
31.300000000000004	-14.496669069717647
31.400000000000002	-14.53529350606442
31.500000000000004	-14.574169422596938
31.6	-14.612968529804881
31.700000000000003	-14.651442965684767
31.800000000000004	-14.689685340005777
31.900000000000002	-14.728031678572183
32.	-14.76670977257394
32.1	-14.805601304640046
32.2	-14.844365627580236
32.300000000000004	-14.88279562948965
32.400000000000006	-14.921034330569984
32.5	-14.959425788475333
32.6	-14.998154719750444
32.7	-15.037053579832634
32.800000000000004	-15.075778264151836
32.900000000000006	-15.114166938656568
33.	-15.152409893420177
33.1	-15.190850635687891
33.2	-15.229626194833264
33.300000000000004	-15.268524291630857
33.400000000000006	-15.307205329571211
33.5	-15.3455569381189
33.6	-15.38381195286693
33.7	-15.422304995452235
33.800000000000004	-15.46112206912695
33.900000000000006	-15.500011073300564
34.	-15.53864566072643
34.1	-15.576965509796224
34.2	-15.615240328291986
34.300000000000004	-15.653787469670117
34.400000000000006	-15.69263995269417
34.5	-15.731512304137459
34.6	-15.7700988977007
34.7	-15.80839305280725
34.800000000000004	-15.846694914956878
34.900000000000006	-15.885296848977548
35.	-15.924177893152413
35.1	-15.96302618577762
35.2	-16.001564447170637
35.300000000000004	-16.03983992359781
35.400000000000006	-16.078175422630817
35.5	-16.11683143574105
35.6	-16.1556767499716
35.7	-16.194418785176687
35.800000000000004	-16.23365911345047
35.900000000000006	-16.272067842526248
36.	-16.31052771429825
36.1	-16.348204758797994
36.2	-16.386430824122368
36.300000000000004	-16.425734471802542
36.400000000000006	-16.465295018985984
36.5	-16.50381614296833
36.6	-16.54193718753616
36.7	-16.579599480705888
36.800000000000004	-16.61782634578919
36.900000000000006	-16.657446965116396
37.	-16.69692643863761
37.1	-16.735266324311034
37.2	-16.77272458673235
37.300000000000004	-16.810551280852344
37.400000000000006	-16.84948467147766
37.5	-16.88917704804776
37.6	-16.928548452284232
37.7	-16.96670878781216
37.800000000000004	-17.004127132523053
37.900000000000006	-17.04208696556968
38.	-17.081176519510514
38.1	-17.120920061060467
38.2	-17.160157704229654
38.300000000000004	-17.198145596372196
38.400000000000006	-17.235552220851925
38.50000000000001	-17.27365977787142
38.6	-17.31290104168951
38.7	-17.3526711389829
38.800000000000004	-17.391753256131516
38.900000000000006	-17.42957915708091
39.00000000000001	-17.46700309997501
39.1	-17.505270082233476
39.2	-17.544657039289106
39.300000000000004	-17.58442518079042
39.400000000000006	-17.623333443988496
39.50000000000001	-17.66101280021953
39.6	-17.698482725464537
39.7	-17.736918129481534
39.800000000000004	-17.7764412606134
39.900000000000006	-17.81617686235958
40.00000000000001	-17.854897788275157
40.1	-17.8924513486084
40.2	-17.92999422532462
40.300000000000004	-17.968604445374442
40.400000000000006	-18.008249718569665
40.50000000000001	-18.04792133390443
40.6	-18.086446515145713
40.7	-18.123898689569007
40.800000000000004	-18.161539924290306
40.900000000000006	-18.200329001820766
41.00000000000001	-18.240078347132503
41.1	-18.27965391589676
41.2	-18.317980274620204
41.300000000000004	-18.355357018304364
41.400000000000006	-18.393121487365956
41.50000000000001	-18.432091624875362
41.6	-18.47192163559026
41.7	-18.511369554880336
41.800000000000004	-18.549498282573897
41.900000000000006	-18.58683015426916
42.00000000000001	-18.624739698234464
42.1	-18.663890689082642
42.2	-18.7037735568222
42.300000000000004	-18.743065949701553
42.400000000000006	-18.781003095644184
42.50000000000001	-18.81832267404158
42.6	-18.856396661847455
42.7	-18.89572471572296
42.800000000000004	-18.935627522683802
42.900000000000006	-18.974740125598682
43.00000000000001	-19.01249848022197
43.1	-19.049840067876154
43.2	-19.08809407495463
43.300000000000004	-19.12759068591019
43.400000000000006	-19.167477188344208
43.50000000000001	-19.206390434136477
43.6	-19.243988632838594
43.7	-19.281386045067034
43.800000000000004	-19.31983307351261
43.900000000000006	-19.359482606691497
44.00000000000001	-19.399315631458236
44.1	-19.438016197408192
44.2	-19.475479662065833
44.300000000000004	-19.51296482980634
44.400000000000006	-19.551613507224246
44.50000000000001	-19.59139468447211
44.6	-19.63113746796504
44.7	-19.66961824166353
44.800000000000004	-19.70697660262594
44.900000000000006	-19.744579886952838
45.00000000000001	-19.78343481034367
45.1	-19.82332054340997
45.2	-19.862938555956482
45.300000000000004	-19.90119821151935
45.400000000000006	-19.938485160455915
45.50000000000001	-19.976233127865612
45.6	-20.015295393348005
45.7	-20.055253788856202
45.800000000000004	-20.094715759541472
45.900000000000006	-20.13275980947836
46.00000000000001	-20.170011176272638
46.1	-20.207927435022498
46.2	-20.24719224005031
46.300000000000004	-20.28718751167901
46.400000000000006	-20.326465837319073
46.50000000000001	-20.36430645246418
46.6	-20.40156007717301
46.7	-20.43966440157043
46.800000000000004	-20.47912167500922
46.900000000000006	-20.519114390254373
47.00000000000001	-20.55818746790235
47.1	-20.595843403310614
47.2	-20.633136199442735
47.300000000000004	-20.671444279291634
47.400000000000006	-20.71107646777878
47.50000000000001	-20.75102750475364
47.6	-20.789879740825754
47.7	-20.827376780817026
47.800000000000004	-20.8647442278836
47.900000000000006	-20.903266882835528
48.00000000000001	-20.943050539183055
48.1	-20.982921843667384
48.2	-21.02154417537002
48.300000000000004	-21.058912435767628
48.400000000000006	-21.096387378636187
48.50000000000001	-21.13513047441429
48.6	-21.17503738618554
48.7	-21.21479347645329
48.800000000000004	-21.25318257043537
48.900000000000006	-21.290455953929566
49.00000000000001	-21.32806711098301
49.1	-21.36703228409212
49.2	-21.407030028522644
49.300000000000004	-21.446638968053716
49.400000000000006	-21.484798255597152
49.50000000000001	-21.522012300624716
49.6	-21.559785626049738
49.7	-21.59896812696884
49.800000000000004	-21.639022298689312
49.900000000000006	-21.678455421096896
50.	-21.71639545359144