0.1	-3.136506623445833
0.2	-3.1513070137194377
0.30000000000000004	-3.1671167191840355
0.4	-3.1849200596898934
0.5	-3.2046253848127595
0.6	-3.224546007354195
0.7000000000000001	-3.246510042092645
0.8	-3.267628376789227
0.9	-3.289801619930007
1.	-3.313128729071883
1.1	-3.335845169203375
1.2000000000000002	-3.3595843202602254
1.3000000000000003	-3.383332285764311
1.4000000000000001	-3.4081521597178486
1.5000000000000002	-3.4328142486304896
1.6	-3.4577961301954296
1.7000000000000002	-3.484209020818371
1.8000000000000003	-3.511512000327275
1.9000000000000001	-3.5369982358525225
2.	-3.564220926029536
2.1	-3.592746597857593
2.2	-3.620428750129537
2.3000000000000003	-3.646682409250598
2.4000000000000004	-3.676883548448022
2.5000000000000004	-3.7074299137894786
2.6	-3.734728111040145
2.7	-3.7664083855030985
2.8000000000000003	-3.794800122083313
2.9000000000000004	-3.825520831643468
3.0000000000000004	-3.855649060204419
3.1	-3.886155319940421
3.2	-3.9183084621708857
3.3000000000000003	-3.948597118246883
3.4000000000000004	-3.980937131966817
3.5000000000000004	-4.0137377855619025
3.6	-4.045022620906838
3.7	-4.0779848387419175
3.8000000000000003	-4.110511772933345
3.9000000000000004	-4.1426703292316915
4.	-4.1763854862111565
4.1	-4.209895630991074
4.2	-4.242915418719202
4.3	-4.276277861258039
4.3999999999999995	-4.309731667724323
4.5	-4.343793111197026
4.6	-4.378190457450768
4.7	-4.411520080371397
4.8	-4.445054307371245
4.9	-4.479065401969429
5.	-4.513123364355021
5.1	-4.548942200536435
5.2	-4.582851479554883
5.3	-4.618949037472335
5.4	-4.654638122998345
5.5	-4.6889420963903605
5.6	-4.7231714960091065
5.7	-4.760185936782682
5.8	-4.7941482486476135
5.9	-4.829415556291972
6.	-4.865667816193386
6.1	-4.899953842307627
6.2	-4.9355219614892984
6.3	-4.972568208047091
6.4	-5.007974022051932
6.5	-5.0423286577853
6.6	-5.078228020372351
6.7	-5.117079106062074
6.8	-5.151060136398428
6.9	-5.1878997975274075
7.	-5.224598108871534
7.1	-5.260207646147554
7.2	-5.29622511427868
7.3	-5.332063359775026
7.4	-5.368922359192062
7.5	-5.405333234487731
7.6	-5.440922172914287
7.7	-5.47746646231926
7.8	-5.514389722059577
7.9	-5.551650408706177
8.	-5.587052074546425
8.1	-5.624093604851864
8.2	-5.660143735800652
8.3	-5.697324469140408
8.4	-5.734666494280659
8.5	-5.7716377842129205
8.6	-5.8070221763618495
8.7	-5.844267976715957
8.8	-5.882003428076076
8.9	-5.918727389544899
9.	-5.955954539573223
9.1	-5.992282530169939
9.2	-6.029578940155677
9.3	-6.066291524281548
9.4	-6.103222530745591
9.5	-6.139878320858864
9.6	-6.177275918424465
9.700000000000001	-6.215003103727993
9.8	-6.251759908780029
9.9	-6.2886943211008886
10.	-6.325874870023055
10.1	-6.363153299018835
10.200000000000001	-6.4009774052050545
10.3	-6.438601925416955
10.4	-6.47512563783685
10.5	-6.511811359032459
10.6	-6.549159846917454
10.700000000000001	-6.587123094235649
10.8	-6.6249554936128
10.9	-6.662770972834556
11.	-6.698099258645488
11.1	-6.735820207987471
11.200000000000001	-6.774304541941127
11.3	-6.811331942692485
11.4	-6.849993307483962
11.5	-6.886021566187898
11.6	-6.9228830443305975
11.700000000000001	-6.960281700653414
11.8	-6.999117184885581
11.9	-7.03757542820733
12.	-7.073333702999449
12.1	-7.111120008811301
12.200000000000001	-7.14874590266479
12.3	-7.187320395981613
12.4	-7.223973069548172
12.5	-7.262762562667864
12.6	-7.299950367601021
12.700000000000001	-7.336300037327122
12.8	-7.373601298261169
12.9	-7.412230336841478
13.	-7.450098281117118
13.1	-7.488837423762216
13.200000000000001	-7.525085715847671
13.3	-7.562336141322095
13.4	-7.599476648625663
13.5	-7.639079894872471
13.6	-7.677849657314886
13.700000000000001	-7.7145268203303985
13.8	-7.751253469200665
13.9	-7.788368221511833
14.	-7.826668758865769
14.1	-7.864368098071122
14.200000000000001	-7.9038185536303995
14.3	-7.941326884538416
14.4	-7.977186913264763
14.5	-8.01554397834695
14.6	-8.05402637029086
14.700000000000001	-8.092935337192888
14.8	-8.129693123846627
14.9	-8.167831889007847
15.	-8.203805731534672
15.1	-8.2423902337183
15.200000000000001	-8.281817413648708
15.3	-8.320163839061856
15.4	-8.35649479483416
15.5	-8.39319487371212
15.6	-8.431748743638824
15.700000000000001	-8.469973655417013
15.8	-8.509183519066458
15.9	-8.546260812445793
16.	-8.584382586329404
16.1	-8.621848462751137
16.200000000000003	-8.659368574383421
16.3	-8.698414378789035
16.400000000000002	-8.735708246893735
16.500000000000004	-8.774064577921799
16.6	-8.811886868174815
16.700000000000003	-8.848693744763867
16.8	-8.887854018434753
16.900000000000002	-8.92648870193737
17.000000000000004	-8.963685068531355
17.1	-9.001207018322877
17.200000000000003	-9.03946534553646
17.3	-9.076528866270026
17.400000000000002	-9.114968539157545
17.500000000000004	-9.153274325675214
17.6	-9.191523167303778
17.700000000000003	-9.229553777649404
17.8	-9.267552625210527
17.900000000000002	-9.304926609359454
18.000000000000004	-9.343095244930966
18.1	-9.382107270807582
18.200000000000003	-9.41960173564716
18.3	-9.455981377999326
18.400000000000002	-9.494949469913793
18.500000000000004	-9.532828187128713
18.6	-9.571018744719936
18.700000000000003	-9.609829423299626
18.8	-9.64787972970792
18.900000000000002	-9.685528326745173
19.000000000000004	-9.723287212240749
19.1	-9.76144043910238
19.200000000000003	-9.800908005556515
19.300000000000004	-9.838054016237729
19.400000000000002	-9.874291065546403
19.500000000000004	-9.913294847624414
19.6	-9.952527299627143
19.700000000000003	-9.989987913775986
19.800000000000004	-10.028763957235293
19.900000000000002	-10.066973780887965
20.000000000000004	-10.104293683480446
20.1	-10.142037152197839
20.200000000000003	-10.180233522465624
20.300000000000004	-10.218805885405498
20.400000000000002	-10.256863069991608
20.500000000000004	-10.295084587489333
20.6	-10.332646750335963
20.700000000000003	-10.370576700196807
20.800000000000004	-10.409065250767213
20.900000000000002	-10.447437953295779
21.000000000000004	-10.485730976370132
21.1	-10.523427705762582
21.200000000000003	-10.561193212698477
21.300000000000004	-10.599109191693481
21.400000000000002	-10.637865946910225
21.500000000000004	-10.676336811625502
21.6	-10.714151790460065
21.700000000000003	-10.751922482710302
21.800000000000004	-10.78992171225012
21.900000000000002	-10.828307112967043
22.000000000000004	-10.866871718157672
22.1	-10.905019319477434
22.200000000000003	-10.942847932063424
22.300000000000004	-10.980732506706987
22.400000000000002	-11.01898247759998
22.500000000000004	-11.057383853293112
22.6	-11.095767198762154
22.700000000000003	-11.133799030391799
22.800000000000004	-11.17159231725145
22.900000000000002	-11.209400546189093
23.000000000000004	-11.248075444155122
23.1	-11.286521869723677
23.200000000000003	-11.323929134766704
23.300000000000004	-11.361298868857798
23.400000000000002	-11.400481383697283
23.500000000000004	-11.438792289536694
23.6	-11.477231295825096
23.700000000000003	-11.515619238770809
23.800000000000004	-11.553612166659494
23.900000000000002	-11.591382815982458
24.000000000000004	-11.629568526013518
24.1	-11.6679981344596
24.200000000000003	-11.706700292801765
24.300000000000004	-11.744801396696712
24.400000000000002	-11.782558289497096
24.500000000000004	-11.820552164010428
24.6	-11.859931200652474
24.700000000000003	-11.89731747833216
24.800000000000004	-11.935490126147377
24.900000000000002	-11.973750210688948
25.000000000000004	-12.010722268783308
25.1	-12.049676257113227
25.200000000000003	-12.088102072801906
25.300000000000004	-12.126438338163297
25.400000000000002	-12.164015393099273
25.500000000000004	-12.202731810728242
25.6	-12.240791137207243
25.700000000000003	-12.278994314028635
25.800000000000004	-12.317542008196664
25.900000000000002	-12.355999289612168
26.000000000000004	-12.394050113219123
26.1	-12.43198161387813
26.200000000000003	-12.469974565047998
26.300000000000004	-12.508386601545665
26.400000000000002	-12.546867476452762
26.500000000000004	-12.585221498915216
26.6	-12.623318386644376
26.700000000000003	-12.661176172968215
26.800000000000004	-12.699388798879085
26.900000000000002	-12.738017158050768
27.000000000000004	-12.776455514386349
27.1	-12.814583961794824
27.200000000000003	-12.852457288404326
27.300000000000004	-12.891306243562262
27.400000000000002	-12.929001719781693
27.500000000000004	-12.967468940432479
27.6	-13.005814090266359
27.700000000000003	-13.043802449520598
27.800000000000004	-13.081726526453313
27.900000000000002	-13.120894862526677
28.000000000000004	-13.158523480470915
28.1	-13.197089276061378
28.200000000000003	-13.235242145256855
28.300000000000004	-13.273134337614481
28.400000000000002	-13.31121817525531
28.500000000000004	-13.349541832667358
28.6	-13.388142004082203
28.700000000000003	-13.426571860120989
28.800000000000004	-13.464528978545115
28.900000000000002	-13.5024764359802
29.000000000000004	-13.54074568975406
29.1	-13.580625861767562
29.200000000000003	-13.617799995966427
29.300000000000004	-13.65604418548209
29.400000000000002	-13.693540283620777
29.500000000000004	-13.73197496737107
29.6	-13.770420311178931
29.700000000000003	-13.80898771399105
29.800000000000004	-13.84739003293045
29.900000000000002	-13.88555409156234
30.000000000000004	-13.923351567496173
30.1	-13.961585013908357
30.200000000000003	-14.000133467466657
30.300000000000004	-14.038613414856998
30.400000000000002	-14.076909369704781
30.500000000000004	-14.113487840516354
30.6	-14.152914988711174
30.700000000000003	-14.191281792951994
30.800000000000004	-14.22985902355615
30.900000000000002	-14.268280848568759
31.000000000000004	-14.306462625368049
31.1	-14.344375895724472
31.200000000000003	-14.382804801424125
31.300000000000004	-14.42111859580543
31.400000000000002	-14.459664927903873
31.500000000000004	-14.497857335668868
31.6	-14.535963030081568
31.700000000000003	-14.573906866828487
31.800000000000004	-14.613621206372294
31.900000000000002	-14.650569882529965
32.	-14.689312895732483
32.1	-14.727374334246871
32.2	-14.76536084049025
32.300000000000004	-14.804616268892687
32.400000000000006	-14.843697042144
32.5	-14.881126236636064
32.6	-14.91843296213031
32.7	-14.956357833686416
32.800000000000004	-14.995460543162016
32.900000000000006	-15.03433725708478
33.	-15.072919910525126
33.1	-15.110360046297927
33.2	-15.147534813115882
33.300000000000004	-15.18648972980174
33.400000000000006	-15.225265008213842
33.5	-15.264530264961152
33.6	-15.302256309533036
33.7	-15.33946166453299
33.800000000000004	-15.377179888491918
33.900000000000006	-15.416047416265737
34.	-15.45562362883732
34.1	-15.494246458039681
34.2	-15.53164085458993
34.300000000000004	-15.568929608070569
34.400000000000006	-15.607091156360124
34.5	-15.646509677631926
34.6	-15.685779137991924
34.7	-15.723577488190108
34.800000000000004	-15.760756335633655
34.900000000000006	-15.798418278360886
35.	-15.837337540699474
35.1	-15.876836810719096
35.2	-15.91558509483064
35.300000000000004	-15.952883365003458
35.400000000000006	-15.990136176948173
35.5	-16.02841568979373
35.6	-16.067801428980918
35.7	-16.107164236338537
35.800000000000004	-16.145032239084355
35.900000000000006	-16.182064876411346
36.	-16.219788381137747
36.1	-16.25863906343267
36.2	-16.298243445307094
36.300000000000004	-16.336988470349244
36.400000000000006	-16.374327847615493
36.5	-16.41163329161375
36.6	-16.449664531992912
36.7	-16.489205243871087
36.800000000000004	-16.528563623746024
36.900000000000006	-16.566541862046968
37.	-16.603632052508637
37.1	-16.641144379305217
37.2	-16.680090655390025
37.300000000000004	-16.71967791124477
37.400000000000006	-16.758498538021648
37.5	-16.795963688344735
37.6	-16.83300327519735
37.7	-16.871251878615205
37.800000000000004	-16.9106106796083
37.900000000000006	-16.950014171409467
38.	-16.988031420621024
38.1	-17.02512575246666
38.2	-17.062693059230636
38.300000000000004	-17.101479380612115
38.400000000000006	-17.14113055069571
38.50000000000001	-17.180103629454422
38.6	-17.217522518959594
38.7	-17.254500082074795
38.800000000000004	-17.292674667142855
38.900000000000006	-17.331950553209122
39.00000000000001	-17.371612231134943
39.1	-17.409696596615532
39.2	-17.44676974166109
39.300000000000004	-17.484213660245068
39.400000000000006	-17.52302389743725
39.50000000000001	-17.562758148358785
39.6	-17.601652245148657
39.7	-17.63913512572147
39.800000000000004	-17.67607564086742
39.900000000000006	-17.7141859982477
40.00000000000001	-17.753581226406762
40.1	-17.793217182543213
40.2	-17.83138460083251
40.300000000000004	-17.868432287857694
40.400000000000006	-17.90580229949387
40.50000000000001	-17.94467097170854
40.6	-17.98429161889339
40.7	-18.023289832615703
40.800000000000004	-18.06077594902555
40.900000000000006	-18.097781470650304
41.00000000000001	-18.135832264219935
41.1	-18.175261319908408
41.2	-18.21480924021241
41.300000000000004	-18.2529649398318
41.400000000000006	-18.290199434398613
41.50000000000001	-18.327548134714803
41.6	-18.366137957308865
41.7	-18.40588291374868
41.800000000000004	-18.444991832135273
41.900000000000006	-18.482459852696433
42.00000000000001	-18.519533522937817
42.1	-18.557436796896877
42.2	-18.596851784187233
42.300000000000004	-18.63650195374495
42.400000000000006	-18.674851051216358
42.50000000000001	-18.711904248368192
42.6	-18.749169040558854
42.7	-18.787867757429378
42.800000000000004	-18.827593759272816
42.900000000000006	-18.86681547602368
43.00000000000001	-18.904414637746136
43.1	-18.9412897652983
43.2	-18.97907582015371
43.300000000000004	-19.01842995488949
43.400000000000006	-19.05822475769098
43.50000000000001	-19.096638873617945
43.6	-19.13370621334524
43.7	-19.170903730311046
43.800000000000004	-19.209524759172186
43.900000000000006	-19.24922946338387
44.00000000000001	-19.288508692491284
44.1	-19.32615170803243
44.2	-19.363108722284792
44.300000000000004	-19.400920369714402
44.400000000000006	-19.440194337863378
44.50000000000001	-19.47994058987323
44.6	-19.518483367779766
44.7	-19.555485726915336
44.800000000000004	-19.592784306648763
44.900000000000006	-19.63117931729099
45.00000000000001	-19.670995680369654
45.1	-19.710315096671785
45.2	-19.7481480388647
45.300000000000004	-19.78505096433138
45.400000000000006	-19.822693000422387
45.50000000000001	-19.8620542332459
45.6	-19.90178213819125
45.7	-19.940315524306204
45.800000000000004	-19.9774468249098
45.900000000000006	-20.014578210222517
46.00000000000001	-20.052970872003666
46.1	-20.092826607633683
46.2	-20.13225434602835
46.300000000000004	-20.16994066932061
46.400000000000006	-20.20686807023585
46.50000000000001	-20.24463467947697
46.6	-20.283801818747623
46.7	-20.323531895157366
46.800000000000004	-20.362236913307214
46.900000000000006	-20.399417193444897
47.00000000000001	-20.43654272800961
47.1	-20.4748008475632
47.2	-20.514558493744083
47.300000000000004	-20.554096425459935
47.400000000000006	-20.591968585420666
47.50000000000001	-20.628815125201942
47.6	-20.66643431786285
47.7	-20.705584400611635
47.800000000000004	-20.745401153170228
47.900000000000006	-20.784118999913012
48.00000000000001	-20.82150721138112
48.1	-20.85846918094863
48.2	-20.896730652370767
48.300000000000004	-20.936470106903247
48.400000000000006	-20.97604156422937
48.50000000000001	-21.014052034147408
48.6	-21.050818683246142
48.7	-21.088143551888272
48.800000000000004	-21.127391029749226
48.900000000000006	-21.167262693072733
49.00000000000001	-21.206127789169233
49.1	-21.243352498484743
49.2	-21.280319076670306
49.300000000000004	-21.31867198186811
49.400000000000006	-21.358348690887563
49.50000000000001	-21.39804944174859
49.6	-21.4357861412596
49.7	-21.47282942988674
49.800000000000004	-21.510174162889832
49.900000000000006	-21.5491988446683
50.	-21.589160095425637