0.1	-1.1083932462914998
0.2	-1.1632504229557319
0.30000000000000004	-1.1948937492478144
0.4	-1.22109212333012
0.5	-1.2457698890890434
0.6	-1.270523213527176
0.7000000000000001	-1.2974481233058415
0.8	-1.3245623538764415
0.9	-1.3533263788803473
1.	-1.3827385408897186
1.1	-1.4132166017163315
1.2000000000000002	-1.4464778035878734
1.3000000000000003	-1.480030297940272
1.4000000000000001	-1.5138915062935092
1.5000000000000002	-1.5483167846887527
1.6	-1.5834152184627772
1.7000000000000002	-1.6190320274143906
1.8000000000000003	-1.656124849116621
1.9000000000000001	-1.6928615775000408
2.	-1.7298798718775739
2.1	-1.7670700522823461
2.2	-1.8043916972140637
2.3000000000000003	-1.842123973611601
2.4000000000000004	-1.8793891172160833
2.5000000000000004	-1.9175969182885353
2.6	-1.9549884586945359
2.7	-1.992198768302514
2.8000000000000003	-2.030892915447169
2.9000000000000004	-2.0688155044419188
3.0000000000000004	-2.1068929115695405
3.1	-2.1447065120721547
3.2	-2.182184586999457
3.3000000000000003	-2.2198889545745697
3.4000000000000004	-2.258048779492435
3.5000000000000004	-2.2965610182137293
3.6	-2.335450954303247
3.7	-2.3719213545993907
3.8000000000000003	-2.410285185522687
3.9000000000000004	-2.447402474345771
4.	-2.486566472081405
4.1	-2.5237000344810396
4.2	-2.561194661300956
4.3	-2.5985089790741585
4.3999999999999995	-2.6363149145840863
4.5	-2.674424795898765
4.6	-2.711290696703094
4.7	-2.7498455501767762
4.8	-2.7885585330049225
4.9	-2.8265099048854347
5.	-2.8643539212098235
5.1	-2.900183070582103
5.2	-2.9377536778605084
5.3	-2.9762573733399234
5.4	-3.0147358284898216
5.5	-3.0524748555746717
5.6	-3.089612988021011
5.7	-3.12641525931512
5.8	-3.163846404248844
5.9	-3.2021746128548827
6.	-3.2411020748172583
6.1	-3.2784104278811865
6.2	-3.3153015011945066
6.3	-3.352093584088562
6.4	-3.390057187926893
6.5	-3.428505690153155
6.6	-3.466891845064371
6.7	-3.5043744075067655
6.8	-3.541279414071697
6.9	-3.578195337304539
7.	-3.6165763963325936
7.1	-3.6550140654869456
7.2	-3.693083618028437
7.3	-3.730348523169355
7.4	-3.76741492651705
7.5	-3.8049928573636644
7.6	-3.84317705323828
7.7	-3.8814838973260333
7.8	-3.919246749153438
7.9	-3.9564482970030452
8.	-3.9939333816482048
8.1	-4.031762123950423
8.2	-4.0700352738911025
8.3	-4.108114093638451
8.4	-4.145643297456048
8.5	-4.182988340742229
8.6	-4.220799109898544
8.7	-4.259071717093066
8.8	-4.29660907162218
8.9	-4.335027315700591
9.	-4.372444446354389
9.1	-4.410084820375566
9.2	-4.448303715752013
9.3	-4.4866522103523865
9.4	-4.524548362934114
9.5	-4.5619529793588836
9.6	-4.599415317022925
9.700000000000001	-4.637510615877044
9.8	-4.676131786212521
9.9	-4.7143618816181485
10.	-4.751822458424112
10.1	-4.788969226952258
10.200000000000001	-4.828127131819004
10.3	-4.865696443478148
10.4	-4.903186660124376
10.5	-4.940972823034705
10.6	-4.979211601630505
10.700000000000001	-5.017602406231966
10.8	-5.055799564449576
10.9	-5.093020620058842
11.	-5.131526665343877
11.1	-5.16956012278472
11.200000000000001	-5.207352242844342
11.3	-5.24569885932732
11.4	-5.284009797383194
11.5	-5.322014941046305
11.6	-5.359771644049551
11.700000000000001	-5.397605012240304
11.8	-5.435767056499655
11.9	-5.474172455686241
12.	-5.5124883663001505
12.1	-5.550482361888413
12.200000000000001	-5.5882658898418685
12.3	-5.626177908981165
12.4	-5.664429197334312
12.5	-5.702881940521923
12.6	-5.7411940080837605
12.700000000000001	-5.779176771201649
12.8	-5.81699270744381
12.9	-5.854985479262592
13.	-5.8933195378437455
13.1	-5.931808097473594
13.200000000000001	-5.970108809646415
13.3	-6.00808161269322
13.4	-6.045935653087981
13.5	-6.084010407628852
13.6	-6.122419700375389
13.700000000000001	-6.160932770257561
13.8	-6.1992159864832335
13.9	-6.237181374585641
14.	-6.2750792385694165
14.1	-6.313236083259712
14.200000000000001	-6.351712146949778
14.3	-6.390238923688446
14.4	-6.428499951560122
14.5	-6.466461635082602
14.6	-6.504408914003841
14.700000000000001	-6.542646729286807
14.8	-6.581180473963408
14.9	-6.619710758812992
15.	-6.657946472342219
15.1	-6.695909169277454
15.200000000000001	-6.733911013248112
15.3	-6.772227619169209
15.4	-6.810809386544938
15.5	-6.849333829215819
15.6	-6.8875426806805375
15.700000000000001	-6.925511989940332
15.8	-6.963572971545631
15.9	-7.001964972555724
16.	-7.040584774828463
16.1	-7.079095087555425
16.200000000000003	-7.1172770528433205
16.3	-7.155259027245928
16.400000000000002	-7.193383064189569
16.500000000000004	-7.231845988639427
16.6	-7.27049370958561
16.700000000000003	-7.3089828522710505
16.8	-7.347139177607268
16.900000000000002	-7.38514045284509
17.000000000000004	-7.423330473554541
17.1	-7.461858763666886
17.200000000000003	-7.500524397373445
17.3	-7.53898637388712
17.400000000000002	-7.577119857507615
17.500000000000004	-7.615147120111614
17.6	-7.653405134405278
17.700000000000003	-7.691992269651004
17.8	-7.730665956133382
17.900000000000002	-7.769096317031371
18.000000000000004	-7.807210848509515
18.1	-7.845270792770615
18.200000000000003	-7.883597676317105
18.3	-7.922236348991524
18.400000000000002	-7.960908709292575
18.500000000000004	-7.999304363400677
18.6	-8.037404932925176
18.700000000000003	-8.075503914597807
18.8	-8.113899291020012
18.900000000000002	-8.152581443098782
19.000000000000004	-8.191243755160562
19.1	-8.229602950532007
19.200000000000003	-8.267695477249365
19.300000000000004	-8.305839468450719
19.400000000000002	-8.34430179687661
19.500000000000004	-8.383018857273978
19.6	-8.42166311058794
19.700000000000003	-8.459985695526365
19.800000000000004	-8.498076639648772
19.900000000000002	-8.53627083860411
20.000000000000004	-8.574797656233043
20.1	-8.613540625023122
20.200000000000003	-8.652159880986245
20.300000000000004	-8.690447034698993
20.400000000000002	-8.728543339594317
20.500000000000004	-8.7667923055153
20.6	-8.805379661500503
20.700000000000003	-8.84413942016858
20.800000000000004	-8.882727672412294
20.900000000000002	-8.920981814965625
21.000000000000004	-8.959090913345465
21.1	-8.997398074070214
21.200000000000003	-9.036041059237043
21.300000000000004	-9.074808470977892
21.400000000000002	-9.113361029031756
21.500000000000004	-9.151585818263039
21.6	-9.189714822442358
21.700000000000003	-9.228082524913086
21.800000000000004	-9.266775253093805
21.900000000000002	-9.305541434092067
22.000000000000004	-9.34405477817735
22.1	-9.38225496742119
22.200000000000003	-9.420411313273432
22.300000000000004	-9.458840900940732
22.400000000000002	-9.497576505841812
22.500000000000004	-9.536332887844761
22.6	-9.574804954625684
22.700000000000003	-9.61298628155238
22.800000000000004	-9.651176645336184
22.900000000000002	-9.689668132008427
23.000000000000004	-9.728439148476768
23.1	-9.767177889584428
23.200000000000003	-9.805607723807693
23.300000000000004	-9.843776630442402
23.400000000000002	-9.882007382653345
23.500000000000004	-9.92055954123265
23.6	-9.959357941932595
23.700000000000003	-9.998071749499832
23.800000000000004	-10.036459937738728
23.900000000000002	-10.074623549420426
24.000000000000004	-10.112900152367004
24.1	-10.151510582756384
24.200000000000003	-10.190327901669292
24.300000000000004	-10.22901053904616
24.400000000000002	-10.267359036673367
24.500000000000004	-10.305524712783107
24.6	-10.343851821779595
24.700000000000003	-10.382516929965144
24.800000000000004	-10.421344562757103
24.900000000000002	-10.459990796228285
25.000000000000004	-10.498302499960745
25.1	-10.536477972459858
25.200000000000003	-10.574859297036458
25.300000000000004	-10.613574456263644
25.400000000000002	-10.652403671787464
25.500000000000004	-10.691009393327672
25.6	-10.72928871071994
25.700000000000003	-10.767481482834842
25.800000000000004	-10.805919526688657
25.900000000000002	-10.844679000655958
26.000000000000004	-10.883501430131837
26.1	-10.922063778825153
26.200000000000003	-10.960315870355164
26.300000000000004	-10.998533406946908
26.400000000000002	-11.037029451488465
26.500000000000004	-11.075826736654832
26.6	-11.11463433720104
26.700000000000003	-11.153151720063882
26.800000000000004	-11.19138266049848
26.900000000000002	-11.22963191214483
27.000000000000004	-11.268186179422647
27.1	-11.307013926359337
27.200000000000003	-11.345799285985308
27.300000000000004	-11.384271368831955
27.400000000000002	-11.422488046159183
27.500000000000004	-11.460775403078468
27.6	-11.499386707137097
27.700000000000003	-11.53823716643964
27.800000000000004	-11.576993419099274
27.900000000000002	-11.615421310983702
28.000000000000004	-11.6536309794527
28.1	-11.691962075841063
28.200000000000003	-11.730627986515398
28.300000000000004	-11.769493028103279
28.400000000000002	-11.808214375993384
28.500000000000004	-11.846600325683722
28.6	-11.884810663968985
28.700000000000003	-11.923190221070431
28.800000000000004	-11.961907229706961
28.900000000000002	-12.000778383363734
29.000000000000004	-12.039460023955643
29.1	-12.077807468711184
29.200000000000003	-12.116026377669328
29.300000000000004	-12.154457939403432
29.400000000000002	-12.193221559486464
29.500000000000004	-12.232090394696582
29.6	-12.270728618656499
29.700000000000003	-12.309042170585286
29.800000000000004	-12.347277330045468
29.900000000000002	-12.385763457343817
30.000000000000004	-12.424568012651385
30.1	-12.463426487586101
30.200000000000003	-12.502018906819607
30.300000000000004	-12.540303998247783
30.400000000000002	-12.57856287056446
30.500000000000004	-12.617104908684837
30.6	-12.65594377669312
30.700000000000003	-12.694784130627578
30.800000000000004	-12.733329468438733
30.900000000000002	-12.771592513833372
31.000000000000004	-12.809882151456152
31.1	-12.848480117159902
31.200000000000003	-12.887346341240946
31.300000000000004	-12.926161174674062
31.400000000000002	-12.964659605790834
31.500000000000004	-13.00290765115932
31.6	-13.041234560770382
31.700000000000003	-13.079887242159783
31.800000000000004	-13.118772982528334
31.900000000000002	-13.15755615360143
32.	-13.196008824927873
32.1	-13.234249384583203
32.2	-13.272618832492775
32.300000000000004	-13.311323936121749
32.400000000000006	-13.350221086845215
32.5	-13.388966887579134
32.6	-13.427376548964952
32.7	-13.46561731493485
32.800000000000004	-13.50403412965877
32.900000000000006	-13.542788028814622
33.	-13.581688412197174
33.1	-13.620392371337894
33.2	-13.658762675150975
33.300000000000004	-13.697011696070685
33.400000000000006	-13.735479415314002
33.5	-13.774277436978096
33.6	-13.81317279118737
33.7	-13.851831523809619
33.800000000000004	-13.890167314213508
33.900000000000006	-13.928432167020377
34.	-13.966953212365539
34.1	-14.005789750258273
34.2	-14.044672178558057
34.300000000000004	-14.083283469546327
34.400000000000006	-14.121590451305368
34.5	-14.159878859934333
34.6	-14.198454470989235
34.7	-14.237322964979976
34.800000000000004	-14.276184877990032
34.900000000000006	-14.314747892638673
35.	-14.353032586853331
35.1	-14.391351436565952
35.2	-14.42998154805681
35.300000000000004	-14.468874987066283
35.400000000000006	-14.507709319165702
35.5	-14.546224332939131
35.6	-14.58456190405784
35.7	-14.622941126311947
35.800000000000004	-14.660867075900384
35.900000000000006	-14.699644996945631
36.	-14.738369133084394
36.1	-14.777867666841068
36.2	-14.816810211798654
36.300000000000004	-14.854679047673727
36.400000000000006	-14.892298335606961
36.5	-14.930958414281495
36.6	-14.97003471159588
36.7	-15.009553088694478
36.800000000000004	-15.048497050048848
36.900000000000006	-15.086062325214348
37.	-15.123768052886977
37.1	-15.1626151539025
37.2	-15.202342851245128
37.300000000000004	-15.241703859251922
37.400000000000006	-15.279961056798502
37.5	-15.317457601122378
37.6	-15.355276837513527
37.7	-15.394308916317016
37.800000000000004	-15.43408023293779
37.900000000000006	-15.473313931144798
38.	-15.51141954989391
38.1	-15.548868293100524
38.2	-15.586827070386997
38.300000000000004	-15.626036187634387
38.400000000000006	-15.66582338423975
38.50000000000001	-15.704914705524232
38.6	-15.742872629138567
38.7	-15.780299238407565
38.800000000000004	-15.81841916847694
38.900000000000006	-15.857794145433129
39.00000000000001	-15.897568581148485
39.1	-15.936505894602831
39.2	-15.974321741903797
39.300000000000004	-16.011754902650928
39.400000000000006	-16.050053895715298
39.50000000000001	-16.08957894559362
39.6	-16.12931232597568
39.7	-16.16808599865825
39.800000000000004	-16.205769461257145
39.900000000000006	-16.24324001309498
40.00000000000001	-16.281730967842982
40.1	-16.321385503075938
40.2	-16.36105093029669
40.300000000000004	-16.399653947912398
40.400000000000006	-16.43721926754421
40.50000000000001	-16.47475918068626
40.6	-16.51344979822852
40.7	-16.5532098014988
40.800000000000004	-16.592781638369473
40.900000000000006	-16.631209650304754
41.00000000000001	-16.668674839044456
41.1	-16.70631570108002
41.2	-16.74520905798047
41.300000000000004	-16.785046985234064
41.400000000000006	-16.824500553306247
41.50000000000001	-16.862751369708604
41.6	-16.90013839285776
41.7	-16.937911533235063
41.800000000000004	-16.977005627159745
41.900000000000006	-17.016891575343156
42.00000000000001	-17.056205077498234
42.1	-17.094278366291565
42.2	-17.131615645913666
42.300000000000004	-17.169548880062422
42.400000000000006	-17.20883693132196
42.50000000000001	-17.24873883523756
42.6	-17.287892757001508
42.7	-17.325791617254442
42.800000000000004	-17.3631126713938
42.900000000000006	-17.401230072157034
43.00000000000001	-17.440699449439727
43.1	-17.480583534864856
43.2	-17.51956150335299
43.300000000000004	-17.55729449597577
43.400000000000006	-17.594635428085468
43.50000000000001	-17.632955756482435
43.6	-17.6725877116482
43.7	-17.71242047089093
43.800000000000004	-17.751209048147267
43.900000000000006	-17.788791303930076
44.00000000000001	-17.826189638209513
44.1	-17.864726258837308
44.2	-17.90449547661251
44.300000000000004	-17.944244339989442
44.400000000000006	-17.982834603494553
44.50000000000001	-18.02028741134845
44.6	-18.0577800442276
44.7	-18.096539547686024
44.800000000000004	-18.136416457039655
44.900000000000006	-18.176051251213895
45.00000000000001	-18.21443813737924
45.1	-18.251788792788783
45.2	-18.28941033859724
45.300000000000004	-18.32839378923352
45.400000000000006	-18.368344764441293
45.50000000000001	-18.40783898548725
45.6	-18.446021086124322
45.7	-18.48330170544495
45.800000000000004	-18.521083335379007
45.900000000000006	-18.56028485574969
46.00000000000001	-18.600274462531644
46.1	-18.63960410769248
46.2	-18.67758607995143
46.300000000000004	-18.714832942531945
46.400000000000006	-18.752801789408306
46.50000000000001	-18.792209165482596
46.6	-18.83219977932683
46.7	-18.87134476598903
46.800000000000004	-18.909136313845725
46.900000000000006	-18.946388254040418
47.00000000000001	-18.98456609143583
47.1	-19.024160064892257
47.2	-19.064114178731852
47.300000000000004	-19.103058699457826
47.400000000000006	-19.140676810390726
47.50000000000001	-19.177973492845275
47.6	-19.216375928401614
47.7	-19.256130366791165
47.800000000000004	-19.296012879539195
47.900000000000006	-19.33474583354336
48.00000000000001	-19.372213641304892
48.1	-19.40959351216327
48.2	-19.448229039848382
48.300000000000004	-19.488113773489886
48.400000000000006	-19.527891879687605
48.50000000000001	-19.566407048343354
48.6	-19.603752688650218
48.7	-19.641251563088854
48.800000000000004	-19.680122973643595
48.900000000000006	-19.720103584242747
49.00000000000001	-19.75974876586995
49.1	-19.798043691998544
49.2	-19.835299476870848
49.300000000000004	-19.872949510253733
49.400000000000006	-19.912052639722315
49.50000000000001	-19.95209374654614
49.6	-19.99158021902122
49.7	-20.029658913552602
49.800000000000004	-20.066860140319722
49.900000000000006	-20.104689966642336
50.	-20.14401357096022